100000110000000000000000100
000000001000000000000001000
000001000100000000001100100
000100000010000000000000000
000100000010000000010000000
010000000010000000000011000
000010100000000010000000000
000100000010000000100000000
000100000010001000110000000
000100000010001000000000000
000100000010001100000000000
001000010000001000000110000
000000001000000000000110100
000001000010000000000000000
001000010000001000000111100
000000001000010000001000000
000001000010000000000000000
001000010000001000001001000
000010000000100000000000000
001000010000001000001010000
000010000000110000000000000
000100000010001001000000000
000100000001000011011011100
000000000000000000000000010
000100100000001110000000000
000000000000000000000000001
