00000000000000000000000000011
00000000100000000000000001000
00000100010000000000001100100
00010000001000000000000000000
00010000001000000001000000000
01000000001000001000000011000
00001010000000001000000000000
00010000001000000010000000000
00010000001000100011000000000
00010000001000100000000000000
00010000001000110000000000000
00100001000000100000000110000
00000000100000000000000110100
00000100001000000000000000000
00100001000000100000000111100
00000000100001000000001000000
00000100001000000000000000000
00100001000000100000001001000
00001000000010000000000000000
00100001000000100000001010000
00001000000011000000000000000
00010000001000100100000000000
00010000000100001101001011100
00000000000000000000000000010
00010010000000111000000000000
00000000000000000000000000001
01000000001000000111111101100
00000010000000001000000000000
00000000000000000111100000000
00000000000000000000100000000
00001010000000001111100000000
10000011000000000000000000100